00662
00945
00966
01019
01299
01336
01339
01508
02318
02328
02378
02601
02628
06161
00005
00011
00023
00416
00440
00626
00939
00998
01111
01216
01288
01398
01551
01578
01658
01963
01988
02016
02066
02356
02388
02888
03328
03618
03698
03866
03968
03988
06122
06138
06196
06818
00033
00053
00056
00064
00068
00080
00086
00109
00111
00120
00133
00165
00170
00172
00174
00188
00204
00211
00218
00222
00227
00231
00235
00245
00263
00273
00279
00290
00310
00318
00335
00339
00356
00372
00373
00376
00378
00379
00388
00397
00412
00428
00430
00474
00508
00510
00530
00559
00572
00585
00605
00612
00619
00622
00628
00665
00666
00668
00717
00718
00721
00727
00730
00764
00766
00767
00768
00770
00804
00806
00810
00812
00821
00851
00900
00901
00905
00913
00931
00952
00993
01004
01031
01041
01051
01062
01140
01141
01160
01217
01225
01226
01227
01273
01290
01319
01359
01375
01428
01456
01461
01469
01476
01543
01572
01577
01669
01776
01788
02312
02324
02611
02799
03329
03360
03623
03678
03848
03903
03908
03958
03963
06030
06066
06099
06178
06837
06866
06878
06881
06886
08001
08019
08025
08030
08077
08079
08088
08089
08090
08098
08123
08149
08163
08190
08193
08207
08212
08215
08221
08239
08252
08295
08333
08340
08365
08407
08439
08452
08469
00099
00110
00143
00248
00259
00261
00285
00303
00334
00465
00479
00529
00552
00553
00618
00698
00710
00732
00763
00856
00877
00903
00947
00948
00992
01050
01063
01079
01085
01087
01155
01202
01263
01282
01300
01357
01362
01478
01523
01613
01617
01979
01985
02000
02018
02028
02038
02086
02239
02308
02342
02369
03315
03336
03638
03777
03882
06088
06133
06168
06188
06869
08016
08050
08051
08113
08145
08159
08167
08171
08192
08205
08227
08230
08245
08266
08286
08301
08311
08410
08420
08465
00046
00092
00223
00241
00250
00268
00299
00327
00354
00395
00400
00402
00418
00434
00484
00536
00543
00569
00596
00696
00700
00771
00777
00799
00802
00818
00861
00862
00885
00986
01013
01022
01039
01059
01075
01089
01094
01137
01149
01206
01236
01297
01450
01460
01522
01588
01708
01808
01900
01980
02100
02280
02998
03773
03888
03969
06899
08008
08013
08018
08029
08033
08045
08048
08060
08062
08076
08081
08083
08086
08092
08095
08100
08103
08106
08109
08129
08131
08148
08165
08178
08206
08229
08235
08236
08249
08255
08267
08282
08290
08317
08319
08325
08342
08345
08353
08355
08359
08361